4308102
4308101
5336542
5336544
4305005
4305006
4308102
4308101
5336542
5336544
4305005
4305006
4308102
4308101
5336542
5336544
4305005
4305006
4308102
4308101
5336542
5336544
4305005
4305006
4308102
4308101
5336542
5336544
4305005
4305006
4308102
4308101
5336542
5336544
4305005
4305006
4308102
4308101
5336542
5336544
4305005
4305006
4308102
4308101
5336542
5336544
4305005
4305006
4308102
4308101
5336542
5336544
4305005
4305006
4308102
4308101
5336542
5336544
4305005
4305006
4308102
4308101
5336542
5336544
4305005
4305006
4308102
4308101
5336542
5336544
4305005
4305006
4308102
4308101
5336542
5336544
4305005
4305006
4308102
4308101
5336542
5336544
4305005
4305006
4308102
4308101
5336542
5336544
4305005
4305006
4308102
4308101
5336542
5336544
4305005
4305006
4308102
4308101
5336542
5336544
4305005
4305006
4308102
4308101
5336542
5336544
4305005
4305006
4308102
4308101
5336542
5336544
4305005
4305006
4308102
4308101
5336542
5336544
4305005
4305006
4308102
4308101
5336542
5336544
4305005
4305006
4308102
4308101
5336542
5336544
4305005
4305006
4308102
4308101
5336542
5336544
4305005
4305006
4308102
4308101
5336542
5336544
4305005
4305006
